65397
76837
23079
49872
27885
24691
34088
76906
15906
8774
10223
15701
77574
42103
88561
15176
8425
69508
20724
78595
19119
89341
610
59692
32173
39995
63465
17819
50048
64176
59084
9681
34251
3546
84425
97283
13931
82578
58215
30325
42680
91329
31196
69921
37434
2097
20857
64598
8517
66977
77971
98109
29491
4083
86191
15255
21853
83551
90537
90659
13078
61899
33344
69884
1795
96114
26241
84222
7962
78624
14895
38953
88183
1952
69132
33918
12085
50988
31655
85606
34415
85348
33794
81170
61939
56347
65342
73053
63007
71658
76293
82766
4860
90151
48468
86074
20211
16177
23235
44742
88432
39138
35635
7402
89234
10183
25651
41904
82571
78540
75118
14940
16411
80976
39956
73894
84995
57144
82371
16866
76264
53696
11571
67073
72999
14571
14939
4016
64719
66203
6787
85086
89503
8636
52551
66844
8317
11227
29092
90493
49040
10709
19522
88892
94683
17386
35230
47580
73719
25360
79827
38570
83979
74467
92389
95583
68139
44986
19145
68739
14314
12533
404
26891
97372
20274
87743
91683
22605
60927
46868
72678
46744
30954
87415
97802
51813
48405
44532
45081
84035
88933
57505
68729
8861
70649
40911
47021
90139
5207
98227
17909
31576
62178
57931
94065
96252
45000
44751
73859
56629
52792
59606
58257
32375
37744
80802
39306
86349
11509
29705
58112
80346
21212
24577
64659
19857
78309
59110
55343
32109
44519
70859
10284
70798
22630
71484
32339
3953
52449
13099
65792
87850
44296
51487
91426
26592
76299
56437
4608
98182
87662
33778
91798
90962
39833
15590
90876
72795
80747
65758
62824
76692
43374
56359
25386
5311
99077
94714
19669
8080
97730
42216
31902
79519
25237
42243
65628
12425
20991
53446
79856
49572
5957
27810
90974
82205
57119
99591
13625
63696
14576
66123
54012
92099
57008
66074
14613
79360
58276
57818
29436
89933
21839
10201
85121
68201
98882
35349
52068
86085
66576
54696
29598
72572
82045
2158
22909
62224
42068
20405
47532
93187
16118
8768
94128
80400
24336
17688
58159
64708
44294
95983
48012
32667
10668
80210
33869
29531
43540
93418
85342
98247
37377
495
97230
48321
68666
60330
52598
85248
17498
44517
1882
63721
93348
3986
17512
58253
45587
52629
36894
25439
79152
84046
63368
68112
82109
68039
10246
521
1390
46134
71916
65988
72599
70639
36580
69224
3488
39018
41774
3775
52438
25644
48199
65877
5435
65813
22407
24495
57917
80165
48420
85606
49924
21067
75349
91487
2821
13676
12465
59976
43956
23500
73973
75184
42166
82301
42244
22052
72820
32609
9672
70274
40619
60541
83671
33947
545
46492
79314
58282
48946
39068
1607
23308
27912
70170
75094
47483
96617
29461
93904
43
23338
88929
43131
49791
93410
41803
80242
70281
88985
76580
97385
35869
5023
92332
52367
41552
8409
80060
87730
33685
84079
69770
33029
41567
62766
97071
82361
98861
88695
97224
90470
41589
83177
86146
82661
42750
63183
66482
41004
45203
49830
28565
84068
57716
6957
93105
13704
31399
18376
45082
91003
67500
26417
27984
16294
1614
78172
40262
87534
4373
72612
22526
66702
9624
15287
94959
14998
98223
38747
96488
94720
57095
74268
91951
92298
51151
77140
96066
31733
17423
72501
72927
601
58937
82742
77983
89635
25207
85719
12892
74572
77700
21330
22324
59735
93463
15328
90470
42758
28889
92773
2809
16057
47096
27674
67419
48613
52052
64885
4295
69133
14966
35831
93632
70912
84001
41682
24474
18991
46880
94964
44440
39816
55007
32468
28687
33459
9750
85080
65258
89929
10368
72737
51111
69132
28074
41236
92094
92424
55814
40677
87458
20260
31967
74210
66208
18148
49351
57049
91877
24254
48653
4871
23068
62294
77514
76318
92724
49305
32506
75922
40031
92403
90216
21793
78423
28557
66337
75773
4572
44998
23499
24727
96985
12781
71183
99689
65156
7192
75185
76863
88707
42948
89504
55427
82092
25834
14665
58693
39877
67290
45382
15619
53610
30487
74708
39738
53709
2127
62082
13449
76376
49525
44869
95870
7918
76508
54920
13152
42287
25298
57857
29881
79674
62166
54015
83901
11885
3416
69791
53147
68392
61804
5150
44063
13807
39307
53705
90625
66126
16582
40048
33838
23415
48103
54841
8048
25798
79622
93552
43165
53062
88228
6908
82521
25549
46120
20493
48937
89986
20436
42802
28054
16415
22851
68935
34393
51025
35137
65163
84393
64540
95046
6671
99806
21020
51953
43275
56193
65798
57758
57867
57458
71021
82307
90758
69653
77920
44525
79087
71866
16528
61969
73476
43048
86736
86481
47140
52006
63573
35982
10302
3270
10269
95653
86628
64238
82636
50439
1822
47811
44049
72120
31675
1460
52263
87972
5859
30368
23479
84025
2087
67878
53403
6117
9082
93159
42045
19885
72953
86362
85822
47142
79493
85836
33907
92788
9522
68337
91146
78717
64119
9515
41226
31529
50022
60406
55320
57465
43830
64782
3318
73152
49755
41566
52390
23362
3544
20422
23244
68360
28362
2440
78897
59261
43269
90447
17956
19529
72189
79004
26555
56903
50331
1134
47511
76196
32111
83085
25541
74039
94628
48660
30817
68311
93743
39641
66901
79998
91873
71289
70975
22360
4988
95813
93265
44071
70402
98083
67186
36343
5865
50499
82786
38809
37739
26399
96154
70718
87258
43629
85810
47058
45809
1764
82652
11794
92389
84361
7405
11339
92378
8949
72092
31953
54130
56676
24931
44376
45696
78205
41283
26387
82491
90585
78948
15847
66510
87698
74649
15402
30028
48585
59074
39549
21601
44852
90283
25156
67267
98722
62226
15358
20615
67660
74758
39461
20688
48187
21514
98212
31203
94032
89689
53552
9526
69203
90532
79556
77158
71995
44631
64925
33800
83926
29913
15310
50775
14167
53618
74625
66188
43194
9191
95979
14764
14836
46721
43179
19131
95643
18411
4415
59854
72719
30490
41442
98494
64325
62503
55654
44825
27982
6680
10602
30002
56392
21565
2104
39736
46336
6101
28350
41925
46083
12785
63270
52621
4192
65744
13844
56854
42811
8490
24252
54278
62128
51625
88062
5688
1282
7728
49535
30793
8992
71967
75653
60239
56530
61039
39822
23464
69830
69272
16494
68336
80049
77555
34243
83789
18404
71449
7606
66885
48013
89034
89873
83695
70727
5193
81303
93767
43743
85412
8581
98106
23491
44210
23139
57729
50665
94294
44742
25451
50458
54976
1413
23155
44825
87026
37718
2545
37428
85791
31749
24460
83846
62351
32464
56685
94086
87616
15554
51055
80047
34055
99690
24306
51341
44948
24055
81646
29153
73139
60626
91717
78033
93519
97848
40881
83503
66161
3443
17661
98212
89286
90548
34576
25721
11742
84527
86627
22626
305
47474
33620
28488
33468
87267
16627
85873
65481
39990
31706
65325
23021
40392
1113
39776
44074
90618
14095
86791
60149
40813
46549
10889
36946
51191
74484
9436
14779
50912
13143
56080
77951
63580
43035
1468
70376
55364
36898
39843
58357
531
97415
47074
51717
32858
37132
51225
61845
16800
50416
79892
40513
67258
26492
48117
60775
89827
37980
95808
13705
88568
57835
97315
62736
7122
48935
57791
67662
17697
98083
42615
10236
93346
5819
2772
87970
32765
28450
22962
96533
59869
77880
48299
25658
58924
44536
80222
46569
88491
67341
71644
59628
69515
90756
34639
15335
35019
43484
48423
82610
22766
52282
88641
68770
14424
20249
1718
95622
68581
58527
70366
84044
30342
4075
97152
61443
83737
88235
26871
48220
64995
74473
72226
79242
89005
78341
89000
37256
44761
93470
46597
21625
92127
83082
91638
48971
2056
68390
63389
81205
4518
5575
75538
85855
70958
74638
14918
99841
76883
66009
41972
88900
20992
11351
74727
13444
4082
58420
49666
44439
87984
89714
24240
71111
55655
93144
37225
31963
10854
8772
57565
13524
80339
53469
23072
50547
64713
3748
36050
21272
29487
60936
47818
21765
35573
66136
96798
47680
35565
47635
40209
39608
50244
8571
94490
10239
23740
25064
30573
88502
18567
57401
98793
69382
81730
34918
6237
61354
20268
83857
28087
40555
1473
6970
555
8355
64471
41298
15132
79586
16788
94183
7562
17647
17450
92766
35128
10950
69041
46654
20504
13120
43999
3753
97142
22128
81158
39910
8894
38602
9258
3897
24907
1822
33149
82261
90445
87330
50201
39176
40149
45645
20218
61076
39488
84192
28629
5949
29054
17951
94233
18558
71422
17629
93953
68662
85048
11062
43890
96672
72278
58965
79095
46721
35359
77174
99223
90299
71554
15622
19568
82366
76060
34214
20146
3773
74311
60079
9690
24830
30943
63119
96745
42635
28049
49713
21281
86182
20578
82587
37212
95898
86585
96913
52264
91244
98058
19703
41411
58160
95424
81683
61295
23320
22598
8497
93010
12935
37171
48064
48236
6916
23920
63673
82998
94570
77062
89120
32084
12860
81257
46820
37494
23958
20251
1216
19345
64895
95198
54852
94420
22586
72282
38317
89130
70523
76583
48592
6604
37078
19480
1751
98432
75700
47684
54754
65170
84415
68818
1647
237
38973
67008
40532
58709
55737
88496
93640
16644
82524
77936
91553
76064
2331
52580
76793
52374
40362
58802
54442
32469
82926
17610
56792
57737
34288
51248
34702
38290
21486
85032
38016
65664
81899
79196
89199
60557
69031
77805
66220
30264
51977
69043
88052
34265
54584
19731
38777
82822
23689
91676
65953
94337
30259
14782
15239
61115
96478
37256
66752
90794
3418
19388
39608
90882
95916
39601
55259
61683
42467
7780
39087
53950
31529
93469
55742
43733
68597
21401
370
3598
29021
2233
96857
39748
28232
73126
73928
76043
93442
7008
40604
15534
95113
67618
72731
50342
15076
54675
21945
67096
85683
50827
62167
20556
23169
67935
15814
75878
28918
77420
92072
59939
54889
8572
16567
15026
65939
18008
91552
51468
83390
37323
39463
14001
99133
81454
4334
78049
45205
34197
46992
66099
38553
21909
62951
89174
34099
3984
12141
161
97598
75295
96512
44569
8017
64346
62111
65311
81046
83463
79633
83923
87800
5277
54373
90313
30458
32052
53427
15270
5349
73452
99073
28055
53626
75190
89090
40462
4901
35458
93338
44219
66002
44230
78332
10435
34298
72263
1844
1471
71605
31655
52320
19347
28723
42892
16601
52873
934
55529
69488
65577
20215
22507
84243
17720
27481
88994
60590
5643
42395
43082
67406
18118
23702
82165
40898
28981
42758
86422
41818
10309
31478
84397
32785
23008
9012
94410
44615
22148
24419
22432
88455
927
9232
19015
51336
10313
53660
55757
4238
60286
49975
3483
74608
28215
2638
28608
51636
54019
27867
50972
2167
98951
5275
12331
16553
1487
79166
32460
10996
97071
82583
5676
26397
40475
44850
57172
91140
42496
20741
62188
61158
47997
97247
68010
18466
26209
81758
90491
41368
94658
33885
64077
36140
80631
15977
19831
26026
78291
28853
95045
56644
58367
42212
76195
56439
65970
9347
89382
61708
28495
99289
74418
92954
1596
38070
16939
29448
62266
87049
11931
41456
63014
84846
56188
19167
96555
46660
69315
21945
34113
14109
16010
6682
68870
67758
25977
37815
24343
66150
62192
74723
44844
92188
44178
48398
81613
98721
43473
88679
4149
2996
33491
60354
80033
23892
62814
47860
11861
76656
68581
73339
69900
78394
7151
68251
39705
70939
69760
60899
50527
17088
33990
44494
33097
71953
5506
41286
90279
2
13137
66082
31493
42947
95351
96080
21514
99986
31719
74446
13066
73713
15792
66162
34568
42033
35687
48234
9804
51789
45197
13534
63005
90516
96158
41393
20219
65086
27062
72486
6587
31231
34719
85854
77856
16442
91611
59168
9650
13037
84362
67506
65150
5994
89241
5028
26474
99973
4327
49100
95059
45961
469
59563
43109
11590
41386
80879
4118
25285
256
32338
62271
76412
73902
73663
78712
88156
6867
76820
71823
10183
33788
93667
19173
61024
43826
69971
55749
89819
22915
86564
48930
47123
53323
91504
37996
41786
68159
15084
60622
51819
21365
61710
38855
24987
14931
63880
38306
1102
87571
27666
1525
5894
22160
58310
61299
82583
5137
99013
84174
68181
35502
38199
74445
15471
37571
79056
32901
64085
34288
90797
13719
96756
23914
44350
23846
194
77538
37598
49619
40500
24592
74077
31799
65806
29212
14399
81532
83730
33768
60348
25912
57305
6301
59144
14951
32416
15345
87982
45188
55642
10130
46486
27236
995
21394
74246
84240
73876
16494
38916
82237
45554
23389
21305
29065
52737
20465
66800
16563
92247
23725
83038
54711
49067
42820
47004
32742
23147
15177
16848
53086
87885
33689
41130
10731
53757
67553
37930
51993
80662
43724
89310
59829
45548
70925
12553
66751
18213
80838
61088
77742
6792
69171
59086
44928
46541
94230
43031
29948
56180
3136
51289
15399
30450
32696
5742
79519
62630
76075
20846
61399
4138
65744
60146
19983
43845
35478
98035
52014
88861
55309
16881
20447
85482
47022
40495
96999
46597
37864
95068
22719
98207
25064
66957
58609
69966
61156
59397
10675
96130
43364
63254
94651
9558
94605
63393
14590
75266
48716
7258
32266
81966
73083
78375
82236
61536
38963
5831
33214
76406
8238
44207
45089
76751
2007
55663
36723
45252
90289
98900
73308
7893
45184
40199
99451
34077
55928
65906
41656
78663
71617
62594
3846
48602
17187
44007
62391
74992
65524
38105
27003
87333
12315
36725
36951
14474
14976
45477
76734
62776
61106
2014
52911
11362
3700
5475
61962
88932
72325
89190
17648
61112
75370
94191
53334
15111
55547
64245
37541
13244
77831
23113
67922
86388
72836
27026
94421
40466
53591
13202
80488
1487
95164
71624
15390
5294
12019
12495
20989
19150
25671
30852
66809
8120
55164
98053
64527
32024
68436
82036
16795
36841
94110
8154
47574
25065
88701
56809
57135
36716
43376
23514
10276
8588
28579
42517
83422
84349
29137
15503
2919
77087
94771
6126
81833
52749
26250
95464
59940
23218
8485
77865
235
28571
10223
32146
75579
25735
25305
76191
37817
47099
84095
42241
7
35635
73402
14634
36131
47667
32386
78504
46941
67963
90109
96616
85138
41689
20200
33692
89737
42520
67744
71927
46122
29686
40494
32468
85654
49075
89229
4567
74311
5189
34041
12779
13636
36649
22390
63403
53793
45363
5690
82780
87505
9223
29400
48055
79753
60257
12490
89925
40723
14190
13786
49154
37675
32125
47021
23204
24570
99056
12748
35317
23884
20812
72657
4764
65648
17232
89930
76539
34924
86531
70861
60369
88698
96486
26585
44446
98914
36104
33924
135
74517
78968
166
6768
44100
72341
99297
66470
11099
99778
77420
14847
78110
91093
56282
23992
70558
65838
69324
53470
27575
37989
3760
73289
41513
34268
23507
14882
63506
36436
80682
38342
53092
76827
44025
59266
13896
52194
73247
31486
26894
64589
43710
45334
56496
82820
39658
82019
87170
19687
58926
62041
96536
17246
58901
87913
76565
36813
65851
16743
87274
11239
40913
57286
75251
98810
45351
82303
29706
6728
80569
32272
32071
566
54297
16545
84213
6588
21365
92417
77393
92701
51812
76080
90273
41617
97170
9558
5103
44638
89061
49680
89889
44486
18060
44907
86007
44761
7971
61160
95456
51850
86565
16608
74360
70688
10703
22977
50466
96867
22317
55639
90622
60118
79843
52006
76488
38852
89274
79506
11949
47666
1349
31522
25066
87828
9103
91289
80547
33788
16674
83780
99484
46190
92854
68210
8504
29743
56309
46557
83659
16539
53607
94439
64574
50389
3007
22783
44703
81209
18529
85091
74850
87598
89262
3072
65593
82135
8462
56948
28267
16840
67000
83669
62804
30966
57633
62058
11096
12263
16350
8311
7205
34665
53880
23190
33444
95646
38700
43488
59227
81045
65051
10188
3043
99572
22229
96718
38017
47057
50461
66049
42340
29440
85753
78303
79706
16743
48120
80108
52846
30669
9696
49107
12130
8593
79571
84104
54405
40406
52637
23405
30097
91612
18205
86192
85891
85898
30605
66641
63288
91143
62992
35554
22177
11945
85944
59303
57955
17380
63248
63804
15341
92740
54092
66806
10327
12246
15628
53826
55891
56000
69575
44329
68979
71249
37753
32469
58839
27187
31755
64589
79760
40925
41500
29308
88598
19013
63401
76208
69571
79923
37598
63455
52650
41872
72121
13283
39191
63101
73687
31398
6117
33376
82141
27033
93878
85498
28805
97278
64978
92852
27747
46437
41343
72311
1459
97107
40952
63898
25922
55679
35790
27094
2997
20631
11896
38678
10745
64223
94072
80874
41544
47545
3372
12443
30420
5952
53390
21657
12628
37230
50280
5359
87561
38782
28823
60952
67531
89644
94363
86539
84213
65240
69784
97618
76649
65673
80428
96185
43329
67022
13997
63137
5619
86144
33726
24372
94112
33795
67054
75859
98682
80875
3502
36554
84560
21851
19981
20453
41207
58441
51506
19997
71606
10558
71796
29963
57870
31865
44793
87197
3492
43219
46153
88870
75661
98077
54287
19503
55445
76133
1612
36235
95915
32696
62455
43273
80109
70561
7477
74018
37835
97072
89105
84467
11098
30101
65688
47684
71480
50124
90771
43622
15895
54579
29058
75420
27721
90805
58322
59152
41958
19563
28763
36711
65532
92057
34136
49486
68115
44596
91875
48531
4027
69251
64492
43153
62101
37795
87894
68067
16028
29540
17103
7833
58862
38161
36234
96104
4090
26669
33243
93020
74632
39032
53422
74185
25599
47154
30276
35039
96535
73110
87851
32892
2556
27271
16760
3963
61691
12105
99556
46954
58668
98310
88384
10585
44060
5041
7767
83918
64214
17031
447
82262
26702
93201
23482
65526
48074
32966
63919
21855
98861
53870
72833
46208
44929
33665
57161
34005
80159
4205
2004
46878
71358
99703
19899
82730
24247
60857
26011
28594
5137
54089
80721
26402
22413
44378
42772
64178
58608
66107
48846
81203
6344
10526
67064
52004
26045
89556
35857
67076
22006
54195
77307
92322
11813
32057
67027
79025
36304
86218
9995
61655
89533
7701
76101
86853
48345
93910
16462
69408
26885
25428
41780
23965
48189
51754
54214
13100
86406
84483
65223
76779
90292
11934
12046
62748
60245
58290
97533
19377
21406
24490
72219
67523
53967
76241
59056
94145
901
54729
97789
93286
28925
9525
85558
44675
36256
53943
49757
61692
47471
18324
21372
73455
80076
16883
15327
7342
88290
43076
68427
54766
66003
96733
10495
80728
93916
18816
12710
4604
80966
8536
36405
87590
79788
90946
82503
64905
37732
11145
95443
26455
54444
44681
63878
19571
67923
31605
52739
66717
49121
12373
2068
88972
34403
87527
29483
62011
30903
76101
78393
8026
77552
32839
93450
46693
42023
29055
97691
97713
46782
10467
32346
58498
10450
20968
55737
99739
65085
83337
23598
43373
63268
71431
64937
72144
22180
45386
29970
42287
68980
3366
19647
31965
96727
94393
40016
33894
35328
81488
94311
9569
78754
40138
85543
47041
52723
94420
83272
60139
48509
93811
56019
35714
80353
61504
16736
66525
86696
68525
44202
94554
86151
43046
95436
47979
75758
65331
58811
3855
40205
74265
35391
88860
47011
39361
25486
99352
32773
80336
7111
37159
6472
17141
27048
33407
43
76930
58381
69559
61987
19666
22598
93790
15140
45992
96979
60008
99145
3800
10974
44706
929
1311
77365
44583
45974
66380
75587
46891
93275
58018
65930
86260
12977
31382
16960
94537
36214
35379
1251
7267
70891
48221
50169
33728
89920
26610
81224
9174
47038
40940
38799
87332
40752
33572
19327
11620
14895
39153
80154
46525
28809
9869
60326
18293
63949
90968
6862
51396
58582
77654
37238
19588
68690
21395
97976
68100
85357
37735
80512
9787
9055
48725
896
46905
9134
44973
58577
2553
58785
94225
16647
7955
61571
78197
24047
36047
62320
61759
26824
77940
24703
51470
75323
30462
51308
44408
2392
25101
53441
12107
94414
89178
85216
65076
26919
17125
8496
58654
34558
31465
19265
71059
86526
34449
51869
14238
71576
78244
12078
20752
96352
91548
42278
26689
35557
46357
96910
60719
15883
9856
85327
3458
8711
4023
17687
67152
37430
80363
2056
95579
31930
88057
64195
29016
50418
38843
70764
12172
4149
96474
79450
71087
31755
78082
52637
94514
87560
21294
2860
21244
49126
2114
39147
99856
25470
29687
75030
14475
17922
1328
68492
45321
66362
96332
98298
38855
74585
40149
76674
2659
90235
39573
95753
68895
31389
53128
13722
45317
81017
64780
39738
84516
35581
54516
8105
32889
25927
76989
67281
45897
5151
7704
54031
20970
69713
92774
41627
76065
38053
49890
19541
64070
37149
38231
43726
3813
42250
97490
86000
34205
89867
87315
69899
4075
72932
69757
72573
24513
58935
94573
48125
26287
15041
15943
71365
85283
3219
70859
25241
54125
52939
75527
16248
58651
88079
31654
54718
52964
4454
10630
50579
23328
12019
54215
97556
93972
34159
63840
57884
84460
25729
4363
80590
96096
46428
29568
30594
79193
53717
79648
11338
25005
59904
79016
37247
55557
10246
7013
18285
57792
13541
72934
15800
28273
17348
22285
65161
83396
39121
89984
10713
41534
77690
35196
6200
9025
26372
51817
64154
54254
45291
56008
92224
72421
36790
66920
46206
44233
24822
84728
55470
74367
73243
7704
19537
59444
67571
74120
19677
65758
14016
97698
95623
41819
10421
89539
28590
83254
33197
50660
52962
91112
44647
7143
64687
37754
35234
39437
1802
83721
77041
32900
6390
46530
17019
19262
74707
65645
35347
67965
3141
36903
44046
5322
46684
19143
34342
77572
16933
93602
61098
54518
62892
54601
85695
81473
68748
69520
61272
36377
63477
27850
33613
74732
8537
85232
89243
67260
39411
72640
95256
30478
33236
27778
30321
5851
70060
8550
27138
33412
5585
28201
76945
20482
15182
85815
71495
20635
81675
92938
98380
56529
24757
17168
85726
28884
13291
19754
93261
11448
46628
44049
12119
19777
89919
7988
5371
51642
85321
70396
95420
80454
99077
67856
2292
80398
32571
79860
42578
67128
45568
84812
82066
75865
34173
64991
12055
89985
89375
75255
15463
45460
64218
82500
84835
80441
92058
87584
89377
92524
70568
22861
69193
29806
55094
62619
91368
26748
39495
16934
75476
18493
50206
82971
25693
22772
27393
61147
14668
60310
62633
18425
32571
86613
25161
38653
40400
99611
49305
69611
19480
72658
56958
17789
38236
46080
7383
237
95906
92753
85191
64623
80322
6316
82170
4795
83395
52135
96021
33352
49522
87031
48415
47700
96830
67295
22694
95072
32499
91529
98319
84536
68850
33651
50942
26833
86697
60737
50302
37227
95124
57809
37197
31637
59471
36235
94631
14767
35286
58198
69486
79115
77020
17928
14611
18893
69828
51542
28515
21490
35552
15881
3537
77324
91684
7218
83900
67147
87845
20084
43164
36280
12563
10655
50607
41819
52624
20061
94362
50172
36812
88165
80766
87974
59999
80910
41081
80775
1505
53213
74006
75989
32650
22687
7698
25451
56065
32338
7724
41168
13379
48125
30952
86424
81715
72480
71231
12420
22840
19847
2247
32293
75927
92696
81691
83326
63533
78219
7847
13383
55913
93817
36274
71918
31653
14637
92199
9560
70047
29272
52386
81349
53848
27713
31988
78577
63912
79641
16403
67126
14587
82187
76290
82927
14540
62674
40184
5528
18525
75526
12367
27217
67696
14766
56395
78145
20453
39769
43812
29527
44657
61576
11218
25324
68087
27363
58325
45604
47717
38891
56990
4276
1742
2703
26366
93693
83071
17337
3433
63638
88993
85568
3013
79624
45322
45632
11541
35986
21471
30502
43805
27885
1066
9701
55473
45098
60116
15559
23230
25080
88000
29661
24213
99842
73028
13463
60655
51604
42916
96911
77602
97630
33965
97631
68671
86673
3147
23059
35652
5702
34375
73017
79781
22174
14688
94229
9298
75844
7076
88017
26660
88431
88140
93298
19562
14659
62130
35173
21931
17431
24047
73912
73463
38162
25909
87110
82895
19503
58470
87690
28589
80607
78032
94069
18288
42765
87077
81754
88584
64124
90715
45958
29723
90893
91100
20301
84114
54653
74987
99487
69988
58443
73908
97882
50332
96951
10926
67129
69609
28870
90129
78922
77346
99938
18798
90718
92596
52575
52879
87577
16585
97496
67339
72873
76311
4215
64582
22643
18114
49779
16483
21608
90415
68532
99687
15383
93222
38354
43724
73085
21474
3227
78430
5783
4121
11092
34517
77496
89603
31991
83760
61046
85161
71770
8618
45950
83595
88400
25852
73256
45485
6089
81615
10309
65855
60949
43900
68724
57480
12358
15298
5589
8974
73234
8514
4949
88069
96023
79322
12967
19218
65818
9149
71476
27386
90600
28012
11401
30636
27965
11603
30607
94023
5443
58626
59064
89961
79250
29446
20885
91926
19734
51620
4453
7585
66158
36817
18279
66746
65265
497
58192
95444
97323
33962
20120
86737
35429
12644
61743
50445
58178
5727
10318
87812
82117
49457
76487
74657
48144
90811
93758
84196
22248
43398
66609
99310
55764
68127
26675
11244
32452
25325
79990
3710
11343
7723
42022
12099
98580
42694
93331
34627
23106
61172
45639
71672
45171
53103
46934
87514
93491
76621
98002
48102
54206
10365
44126
57706
29383
19648
39931
62767
91062
14466
89886
94372
75689
72436
48386
18531
39547
47047
82202
77954
89057
26886
93087
15128
94065
13456
15943
80553
51262
52817
92567
33200
6110
12989
18863
92809
83180
6344
88195
61144
84233
1669
56779
29753
38654
29144
24240
4677
4412
95514
25702
15389
38885
7209
45177
81110
49219
97353
2080
63618
12949
77179
21359
96503
98955
84249
75464
12254
3783
29643
87665
83834
31523
1897
59072
41010
37649
50541
35795
54173
33885
65683
16893
937
74511
73521
86427
23240
88397
73581
19140
23896
43581
25408
94046
8974
28744
90597
46
7710
7035
9437
75175
44169
46854
54850
41348
5827
31239
12262
40272
10047
50817
40679
50146
29882
325
73745
89159
673
18163
18321
59352
69888
83354
72210
60362
75112
32475
96629
93572
8444
34188
64721
682
81849
95160
36901
12376
34047
89475
1046
41899
65824
21868
34378
79642
66371
92779
14239
40002
1397
67513
72488
1406
5166
60239
38405
32309
40155
62695
7999
43630
92909
3327
88477
21342
16446
76700
41125
29442
8731
27754
61714
81192
64210
80418
82126
74472
50873
23812
19405
18768
19576
47396
92807
63132
10229
98785
45871
77861
6587
12464
54516
47376
18405
65399
5779
69831
71148
97238
42103
73061
51499
29792
53711
70411
61547
21734
4202
41104
78384
35893
16529
26261
23103
34294
89376
78997
39690
23539
52963
15387
7450
99834
64074
72751
59704
72089
91561
40617
14232
51433
99886
30022
26946
65064
26335
82423
16190
46814
40431
46230
89211
50753
63741
80820
7900
70644
20490
75086
40129
11498
32373
30526
87085
88265
45940
72750
45625
75337
22545
52359
17940
6555
24830
26567
54997
44422
74615
63729
28191
76589
53779
70495
48751
82573
84966
31090
93381
87426
92182
14186
3405
69993
29464
42833
40553
13728
48519
19729
6461
75178
70592
26374
53334
1295
3612
6382
27735
39360
79275
88317
99138
96567
39690
62605
37952
52156
84480
53875
4653
27237
571
23885
55107
47253
28450
76631
9537
33285
57302
94652
72183
15585
99402
8522
51601
44905
51516
60606
85118
70263
74511
68383
28827
57376
4390
79047
51009
20019
66559
66331
12232
40479
7850
80315
96694
84754
17285
99893
69641
45755
87413
61780
59484
77681
68035
39862
17689
78605
24016
82524
44219
41969
38231
69402
1279
38444
48957
83918
36455
71414
18391
94317
25802
14741
81209
22073
99132
87779
9462
85551
59701
82918
12569
49244
13376
71903
52255
39920
12290
92030
25710
43467
56549
15602
55382
71379
85569
83935
38691
21800
61830
38504
30780
51311
61832
93644
30811
68842
31974
3180
48169
69768
98713
60234
25110
64121
70326
60238
60113
2234
16961
63586
89226
91503
98766
95005
89282
77838
29780
50877
94603
34392
72689
37997
16706
57123
46996
96166
10693
6674
62187
46162
50
36422
15849
8780
14206
62445
57715
44706
28879
86169
36776
26908
38903
5932
60651
98519
44269
58415
18830
49674
39401
48290
40605
15114
84028
1773
64644
25449
86026
10677
4765
70745
33221
98539
31610
5070
26087
24798
363
18625
18092
57489
33293
8400
91753
41863
15536
45347
97997
22842
74467
25738
10866
24779
72797
52067
87808
49171
53418
61719
28703
65176
44977
72900
32054
53116
19359
63861
91493
81168
77842
51405
33019
37765
47875
74530
55765
61411
87984
43622
14356
24754
71973
19042
794
78869
61703
99227
73248
85944
28796
59158
30231
90462
74043
19127
98105
18429
3532
43301
555
10565
41691
1546
9650
6331
20734
68438
20206
40516
3936
60355
56855
67964
27977
83028
59443
62247
77932
21750
94482
24543
78798
28776
59302
83372
206
40407
38754
77425
83509
49538
99629
91811
46938
32349
50211
7285
65746
38064
55849
95086
38099
44031
62506
73372
8740
61317
58259
31810
86819
85241
76808
4333
78834
27123
71265
46212
24191
35240
5508
87261
32526
19088
80832
8941
61765
35689
34691
78232
93811
88181
60025
50054
11102
10846
5473
15638
58601
25657
70926
63884
59294
73224
87479
79653
31677
43578
93083
31404
4513
90893
56501
62214
20363
51604
93527
76967
91470
11347
64646
67719
22806
54759
11602
9519
32949
16291
35696
53197
47020
55316
41622
23208
71762
76358
82643
38573
77508
79008
78441
56231
3529
44555
15815
86253
25537
16624
86887
54966
64233
70750
52192
56168
36078
7019
83369
4397
79884
43218
70795
78983
88609
77723
91746
8410
2195
48056
79184
74023
59898
6667
89278
67898
57931
28101
9839
70073
58690
32745
52387
10333
31180
10735
92229
65501
47662
2629
4593
6565
68502
22416
17670
31782
47164
32304
46531
86854
29684
64545
53666
22104
65650
73502
78286
29639
46330
21952
49506
52237
71716
67940
81023
76032
59049
13610
8777
23211
28620
70585
8031
56986
61384
4257
78197
8174
10801
30168
49199
40561
81161
2278
765
50884
451
83708
16078
86068
48588
25247
4018
59244
30906
94051
42480
20643
8244
84530
71968
49718
7388
14540
96294
72912
4565
97448
50027
73477
87573
20632
45946
48670
81576
17898
15028
98127
23902
24587
37553
20645
83986
51463
40596
48091
90296
811
6057
27755
16067
47884
38205
96385
84080
94752
27258
54603
47474
71433
98910
53133
88539
4530
40215
99218
51235
96498
1309
30588
85784
5454
78219
25084
92099
56699
2876
71261
47282
74721
36382
10171
1800
44507
59094
26961
65981
44954
84240
71120
90931
47913
89632
39468
94838
16012
70650
21103
24847
4322
26762
81169
72646
71561
68081
26303
59793
60704
24510
5976
82077
24871
14532
78743
75095
26275
66365
15083
51576
2431
63323
61986
6923
35884
21190
31715
48700
7720
38200
45371
97599
55037
97745
25872
53722
85792
97239
58001
56336
65978
79533
9646
59307
22691
66639
29668
15270
16938
40040
34257
17524
56657
81936
34277
80783
72149
73413
5881
77505
684
77028
3034
94824
86119
63812
73213
57322
81591
86224
91671
49238
38795
49695
21348
35474
86743
50610
71941
24966
66545
36233
65799
90661
27509
37282
91934
94323
90889
72271
68817
58135
53946
89042
66670
86942
45029
30264
75198
10057
65426
99120
12243
58997
53722
17863
54910
41125
85225
68577
71390
16366
43198
67381
15603
53759
12976
485
13328
65962
47755
17593
56590
14387
19032
71287
99645
7861
69146
46849
18037
73835
61557
41292
83979
82018
63561
72728
21664
19832
79740
86512
2163
73648
83797
87392
79671
85366
79012
97070
89983
28041
56672
96759
88149
89258
26729
94375
79914
6080
44683
88659
99848
47589
20804
69079
64771
15952
22108
6887
81293
43775
72307
77684
33033
98945
47514
16638
54968
4478
57271
86672
99087
15844
11979
40669
75850
97455
93296
2708
96857
79123
55580
29538
24568
30281
20675
49509
55965
36852
77625
95401
18571
33295
59060
95297
1027
83605
95567
88227
31738
27276
84971
30976
55397
90030
27057
71358
93169
89270
93587
16692
75535
24324
31504
25922
30028
17837
31382
97387
71679
80642
20993
33136
15484
71290
21762
79658
21765
97535
91963
13987
61952
48818
46982
28177
60452
21724
7349
4464
31981
43731
20885
93211
55727
93061
83948
73063
97639
77699
54977
98876
59980
23565
55546
52593
67493
21590
42368
47363
39956
83732
28640
91857
13008
69510
82059
84727
368
29250
3388
8741
84323
71226
26233
51612
98397
6634
25075
59109
34604
73665
32264
59629
5193
36138
17800
65920
11529
91222
53524
65953
59987
58311
55234
65699
28364
11931
56701
51719
89998
91987
52938
77043
30071
30944
31909
57963
79646
28425
58314
89679
17632
82810
53647
57649
87736
85133
7278
72945
79886
65838
15873
74103
56934
81133
33254
42859
6137
51621
68578
18676
63777
85060
15714
63148
98157
57783
89788
9405
81268
48628
84404
8411
74567
66467
72346
69756
90495
41769
83601
26104
16790
85266
11179
42009
12945
62746
45807
29567
72058
85401
86749
53747
34957
21961
66408
1126
19240
2197
62914
76773
99621
21503
62838
59067
64004
82350
39790
53731
93537
21587
36180
59496
22758
94102
29558
55292
84985
12994
48099
58673
48373
80937
1329
83063
28566
18005
63937
57843
66382
30445
37499
80024
51093
68032
6995
39844
90941
81553
57837
53114
68195
65118
39420
11319
74209
85263
7110
75571
69025
38520
55235
18870
86284
65739
60900
20277
19233
65501
42513
47880
54465
6963
21643
21929
48710
14729
98192
99242
4052
64926
36828
24979
57608
82944
49708
41240
7341
29263
41310
91859
53453
34769
5397
43555
30820
30098
90425
98784
26385
7733
15419
1721
62214
15131
60022
70924
55230
95982
2608
27905
30894
58923
86815
57668
7572
56011
67785
24798
93612
236
54916
79439
27426
92288
62205
81034
92641
16626
91252
86828
63370
28432
16963
43514
94720
82169
86239
87766
41952
78085
56184
71901
23663
99883
83803
91361
51147
69523
10198
28286
95843
38617
88571
35099
91011
46586
88670
11808
56039
60223
5273
25422
29488
72771
87951
91294
35861
89602
71020
48506
58609
26656
1451
41970
46650
86834
83634
34269
41682
69389
31672
91469
97686
92330
74631
34316
36628
95123
94941
45304
95769
14637
99532
47257
66632
49249
19456
81243
73927
53257
44545
94925
7092
50483
96110
46100
57908
93685
76298
61548
41484
83053
87379
7133
15593
92755
25228
33974
68761
72319
77757
45448
93596
94864
27569
193
15445
30400
70941
99940
19035
27201
63680
66818
44493
68627
51525
99831
12482
66278
8005
7939
24317
30183
80714
61315
51455
45673
16014
13387
72951
8049
28035
74051
80020
87901
60268
88219
1500
34385
13959
38764
24565
87904
86062
27149
55392
86644
95795
78126
96325
62491
74505
14197
49897
66926
83681
52115
91261
73342
16850
73441
28721
78749
50290
90076
28549
83111
13569
31451
17215
56363
84805
7241
67672
29754
72719
34467
4401
67146
84988
77679
30852
60839
82168
65367
21397
83543
10077
18241
48199
18728
54650
63340
69899
42009
17487
70505
73267
20002
94740
59955
53924
78848
26264
17581
21258
6209
64839
10071
39717
38408
69765
67948
57217
77534
33144
64603
13060
68309
61282
29792
82593
4634
86699
12639
68745
12823
84893
54364
95297
898
9033
28505
11438
68325
9383
62765
26509
80426
21786
85150
29759
99203
75570
7355
9474
19348
90859
84376
11643
97758
41203
90662
49934
69448
8009
5358
89488
74283
41249
71882
83508
44923
55972
97857
26946
28846
24212
16765
48102
76234
16908
8075
81636
94383
92934
46318
49225
46813
71479
2272
17276
18339
60181
52230
76692
6854
18200
14094
12835
11691
18942
82344
64112
35809
84137
69662
77634
80238
68803
73585
28088
16564
10946
35442
59990
53983
28518
77210
7386
53102
33950
97831
36141
41851
24395
85843
13269
67689
6077
72434
11654
17577
57849
13416
88153
61961
66396
20612
20885
9657
72601
14109
51369
98716
15934
93960
22267
3080
97077
73043
20155
4185
26822
83041
18097
17816
99770
88611
49334
82115
93722
25615
52350
32730
28182
60127
35058
99397
39297
92104
93724
76677
52665
42581
66459
24374
38597
64448
34231
67869
12536
54829
4782
47508
946
95747
88013
97615
92197
93256
88058
43946
65588
35832
59982
94609
56056
65185
28800
21547
91836
60893
80668
79140
4296
16301
79475
79030
30588
69391
7564
19795
67154
33212
29560
80050
80837
24833
16387
79347
4145
45879
50023
78801
38864
33089
60026
70819
9955
30018
49991
86510
51090
83512
6234
56203
73546
14137
72597
88176
98085
29768
12064
64958
9800
27828
74557
99367
49093
49261
56633
93497
38401
7908
36031
78188
86128
2463
18471
49027
55324
54325
76939
31042
88293
36140
83257
15661
98722
63660
28453
35481
89317
94623
46390
22514
79613
75400
53857
83207
24053
8894
68819
69333
31034
36643
54183
68367
68473
35141
40311
13831
53703
90000
26416
11196
18010
13773
49406
16703
31893
56156
28038
75971
90497
5321
50707
99298
71478
2990
75719
3046
85113
38213
75475
42107
96895
77416
20323
6766
49840
81287
50032
94529
46343
41797
52313
82382
68693
6608
26796
11541
63974
22139
23741
62148
63195
67130
6809
16962
75126
18905
17077
97017
73045
33720
5759
40990
53397
17991
73686
33309
23703
35866
32374
85381
49664
64138
29547
9742
97275
19368
88039
24227
80761
11102
49422
63215
12153
88196
2158
20872
60514
56188
34061
11347
70669
15051
55322
50514
93311
34452
65925
67537
90164
38866
85899
34889
84248
4657
63146
83342
40558
86090
92563
21052
4307
13530
7485
64537
88861
58557
79509
43398
4126
64588
88755
84839
93124
39889
67241
20045
81122
19458
83573
22269
8905
28610
20501
74847
50256
78479
64346
32868
61588
75017
82196
70964
48888
21729
93005
27508
62061
96537
64915
10609
30732
55101
93741
99979
60384
25182
43118
97697
34882
16455
91047
50485
2556
58526
69591
36667
69103
54649
84574
94307
14575
25433
10543
61089
62315
32936
11204
29653
58603
69771
66859
90780
8659
11236
89213
46259
57348
7686
62671
94050
49858
21781
58050
92397
70512
48762
11638
21938
87894
73281
3867
76128
41285
38127
2695
20501
49137
40291
48324
30545
51101
83623
21057
2652
62389
50963
39784
66481
98196
29054
97008
70310
69318
7202
25737
68313
20456
70443
22740
9304
82828
76764
6101
32173
33144
16030
44961
50052
28238
18917
52210
52539
68774
58690
55449
29029
7863
24574
29266
29754
76436
72826
64979
90847
68179
93984
22687
75469
59402
62885
71255
53953
94546
86142
92304
28383
41166
44027
4928
23972
90564
61508
881
3687
69545
93935
15320
44842
66748
26747
91487
22051
33672
13389
50526
49250
32845
49284
85065
63358
67833
85339
12643
85056
76911
91546
68208
67179
88073
80569
1671
84935
22074
47379
80807
15465
53580
69858
96033
46784
39880
62749
6387
98047
17845
31307
61204
9698
33783
81250
79403
78430
67960
48865
75418
30410
94085
73350
47864
60388
91759
92237
2525
90785
95986
8197
51286
22677
38066
2704
83064
81051
94272
63448
99441
48642
7357
56969
82298
19956
67254
76558
78632
54595
9677
972
10850
40914
216
35477
35277
19582
41891
83754
39171
89320
79312
27184
2179
39936
38847
55053
34241
9134
5512
36223
20830
80704
26565
15194
55762
74283
51405
49244
87910
73088
83323
8623
21182
5774
30957
18490
71155
16973
55144
1764
32063
95662
90457
87814
1521
84092
31542
13804
52929
51598
50211
13736
80766
79789
8913
98162
71106
49853
9761
1152
60167
35433
30022
92126
67955
4015
30408
95915
90382
61829
50884
17711
17812
63111
91217
1276
81766
56767
68573
77377
83291
20847
84662
91429
79028
83197
18725
4710
79213
89308
76373
62862
96048
5779
49906
73742
38723
95788
20716
61018
77313
29211
19930
70017
3143
23881
42427
87207
66852
5532
24727
73824
18515
50116
10020
77355
57958
86949
71590
58889
89176
75068
2830
22329
95204
13488
7906
77170
14004
48087
25341
51548
17330
75298
81069
85355
52634
56005
81435
33177
74384
48967
67816
22750
78286
9570
38162
47087
84246
14040
95158
62192
16998
84371
57999
6967
79401
12534
82716
43647
41673
34853
2272
46693
44323
32077
48899
88163
37619
71090
26742
54631
87566
43892
39636
28143
48271
34973
9476
80131
68649
49321
55834
39502
68251
85106
7613
69786
83329
99256
51683
98920
93351
57033
12665
105
35385
94290
54815
43964
86165
60930
39056
51813
6018
32823
43775
64069
7098
29000
82396
66844
16387
1070
9526
4248
25435
12400
6715
57912
15345
19626
67931
49409
97425
16888
15787
81628
1431
83844
13925
7275
26917
97674
25868
85382
97167
2789
14797
44119
82644
91480
36513
27661
80871
14715
50991
82689
49163
35039
71950
72579
4157
36768
36936
49375
70411
46854
33979
87794
90435
4600
24985
15907
34022
27454
53391
12544
61115
89777
23202
96278
59327
85793
67541
6604
48122
11362
89127
8349
85934
69940
97530
9616
29897
67854
54510
99158
21177
59943
78508
8191
72127
60160
20031
11865
47676
1201
67420
78342
28776
43598
63650
74392
34849
3382
61276
75212
42752
29432
17092
75585
22440
88355
20226
93299
95864
52328
78833
43352
8224
71054
41667
29782
66128
78386
30683
4864
99531
13400
54264
81931
6202
56626
95313
58705
27934
82668
92123
78049
13693
58386
12136
77760
46461
51871
77098
5152
46287
3971
94710
51003
2531
39823
69891
82637
53433
31616
65777
29740
60888
79910
81670
81669
88663
34704
83731
40147
64440
73239
69782
21342
23253
73667
79321
41038
21586
70973
28599
22475
26642
76050
62815
99507
99686
49792
68529
83350
31328
30912
94981
32018
61158
23729
23211
42470
17121
33821
74668
62901
85557
70794
74032
3193
1451
98335
72121
57248
33930
80816
9005
4648
73637
63144
77521
18515
25006
45587
85744
60135
33415
65061
7259
78181
185
65226
66442
89283
22717
53419
89601
50696
18008
33850
37677
37860
3685
65914
44334
30602
70922
55917
56687
70922
15051
65116
77008
57679
69693
35357
82789
73714
60371
80900
91671
61401
10709
54920
73704
84592
46351
64656
2260
73154
78918
69306
72307
54324
99076
77224
93338
5246
53844
21928
57250
91399
64650
36799
45600
98044
52697
38641
12339
48812
77704
10287
11261
82915
65631
8829
70088
95681
48155
93407
33034
63159
95521
30591
87491
37981
27567
56542
85603
6675
37038
8213
31913
87730
76004
50790
66502
50797
48198
81252
66847
9001
38698
27
48337
77911
826
6494
22415
36874
41125
70924
99271
41562
94127
6685
18211
32147
42409
52686
38956
67738
77211
50343
38760
97950
11518
78662
1348
52503
71494
33706
55085
125
90716
43165
93783
49767
51946
22398
61729
17887
78160
75723
24944
76575
16499
70888
2327
48106
66677
57678
19800
28265
18464
62323
4773
30912
33883
3505
89343
80397
30527
16790
95872
17084
92228
29576
89524
68938
90420
1810
27617
99860
85281
22992
60935
81306
60210
34931
60610
33078
69784
17489
68173
92243
65663
76972
32353
37676
80033
81725
67548
96867
3092
65149
56348
39322
27652
94160
65962
41809
51419
24750
41587
73853
11772
30767
97393
82465
26287
82963
61417
50507
27190
78603
99374
40365
38942
90631
42307
23447
92114
54397
98173
30350
77802
41651
25670
16843
67520
55401
48926
29746
50339
76006
67676
83501
10148
66333
68467
76261
90830
43579
55216
16381
12691
93968
51679
45418
83841
57784
22124
72691
12723
58821
679
54593
55332
93419
82306
15875
93758
98695
96180
58241
73008
23405
69408
64474
33055
18444
1935
86300
54995
90784
77401
96927
94034
30165
96163
1535
78922
24594
92483
67637
55400
69513
54399
560
98950
75002
64051
80469
84736
84639
68849
3280
68871
18487
4930
50102
43631
84370
41099
96089
62339
99350
70027
80583
91928
33964
88832
16031
15391
26826
31882
52656
4788
94110
26087
3184
41556
13203
64350
22935
50987
18435
81463
71606
87083
52602
65671
91926
93753
50050
29801
30705
32897
80049
39112
60391
44265
18347
21337
49694
76067
79508
84901
59322
24765
78582
66117
62517
43890
57292
31334
95611
28803
60617
72459
41828
13696
88232
6002
44527
13856
83185
55247
64023
79089
36580
47220
90676
99145
22373
95762
7089
827
63684
61305
59110
49061
83719
62299
56082
41957
34391
27759
56886
26380
66180
18706
97552
53643
45750
81832
34451
70634
52145
33823
58751
72952
16835
25268
72387
47708
25102
48943
36940
16809
52077
53354
76775
10673
74692
29647
34811
29265
59432
8127
20444
25961
81384
37774
23246
62863
47159
47500
9783
21849
45239
89311
13790
44248
4100
52300
43526
34821
666
82612
17121
44403
68323
76667
51507
70116
94465
94244
15460
30168
66644
42231
96865
40416
68969
99653
6577
57936
66208
27011
90159
55378
95672
41393
29928
11672
86233
38143
83794
74985
41853
44965
2566
27741
68764
45648
20380
35300
68530
91037
29570
36960
10063
37662
71289
58515
23740
60793
38093
59506
84549
94512
60942
21593
6855
35611
15567
99641
30199
59569
38779
98924
61324
83462
88591
61097
4970
39758
53367
94707
28076
41280
79593
25484
56653
92374
36952
26406
67507
74896
35606
64154
88857
96408
8106
37394
34360
18208
25258
33472
52817
10023
11188
38098
92153
49051
18895
74397
43425
20697
8761
40310
46241
29424
88044
16256
93729
48099
66674
36031
85348
89548
96737
50059
41297
64478
91606
83584
19167
17828
74730
5682
94972
26757
18803
87070
82362
73512
96410
76252
535
40436
7444
93105
58215
39536
53823
46816
81824
86410
7515
49728
88386
23379
92514
41929
70817
88871
43109
53768
42960
72106
70501
69715
42988
44110
37707
56630
57954
78097
36932
12715
16542
83812
94877
29063
14545
60358
83319
24177
21854
96686
93254
66383
52481
10824
58316
13497
8860
63862
55053
49422
51072
95704
99630
39397
20756
73255
63183
88412
61701
75419
23715
45196
79370
51020
20040
9598
51
98933
48807
37558
47598
17556
51113
85390
1685
41870
74931
80094
42135
11728
43104
93782
81121
25937
83098
48526
45385
95507
35765
74741
76791
17096
57672
78693
36433
58321
36680
97976
67713
28289
48675
2164
21797
33888
73462
1473
49362
91435
79660
94204
46278
44793
98067
55428
42953
91609
91228
48881
2655
94679
88719
74564
9869
1949
57609
94713
89061
15126
39763
11066
56399
12878
51552
28654
86486
14549
51075
79086
84077
88994
32938
85815
34684
89236
29435
43515
38859
95924
88137
68370
2345
72182
58803
50959
26233
97246
37817
98029
93146
62688
71388
73384
90866
17119
5777
41895
16950
22071
38658
2935
29496
26903
35137
1972
37294
81669
82026
10816
82267
2469
87284
25846
73500
66581
2099
39320
93489
69552
72173
70020
58757
78482
61910
24709
31004
6170
81835
56230
15449
95787
14632
32001
1897
65581
96998
91126
14671
41938
93333
30295
58605
39058
88881
38752
84844
23191
89476
67940
95592
28629
50072
1250
88666
23953
60663
31894
52419
17218
32961
36492
90322
41461
56841
9552
3315
71722
41997
88577
65557
36924
58543
95844
981
84510
59221
69204
8908
84481
74426
94806
2514
15538
51566
99819
15853
37824
81745
81279
96378
2875
3175
97311
76759
27096
77913
40168
99722
86065
31528
12121
53362
20585
67086
60074
24392
24237
75507
13846
42129
97814
73225
45844
63139
52844
16228
75172
63569
62084
74009
97316
30965
79689
53490
4514
22809
34297
29388
12076
34850
78918
54733
91491
95322
30397
99685
46
42041
57955
47200
66731
35950
9403
68420
36672
19183
88069
96622
50512
88027
26113
22468
41801
67144
99696
21078
14809
86255
17691
63605
33665
25264
15117
22896
77186
17762
94619
62344
52756
56539
21476
19215
7734
85785
42900
73697
28511
58699
1154
23742
17971
76351
47129
8484
2833
488
90612
94725
17577
14955
85315
62474
97067
62150
57674
14020
64859
57662
45032
64490
27616
14980
98997
17044
31291
94500
98788
38419
49365
8841
37864
38827
51313
43504
56083
99502
66273
9703
57433
5013
469
83330
87060
44126
8750
41530
97217
38333
13552
99522
9671
99456
54102
26311
12984
24676
67967
46595
52879
15437
87718
99039
56249
18886
50703
86371
90801
81205
44221
15419
48900
18202
80641
83399
7731
36452
12589
35775
3766
84784
66919
54753
72669
71007
26521
87865
37266
20786
93509
71371
93850
66693
62197
32608
82715
23333
90288
51275
63640
4751
457
41047
1719
75655
10738
70063
51811
24754
61710
60841
20653
41296
66403
80144
1517
54905
14766
43372
91495
15027
34513
35024
8937
48429
67527
43232
66673
97851
65145
25949
78155
39951
18441
37679
67895
36976
68747
26350
65545
2746
2931
81036
48074
12370
16457
53314
59676
55587
4889
33782
38683
42586
94279
70790
43263
87034
12800
45428
8318
64765
12108
46829
40398
12712
49920
78359
38056
52330
20720
86679
50728
81329
8097
98813
68785
8553
43611
36300
29998
81521
74846
44970
47762
24251
71500
5312
21793
14368
32260
35278
52296
23486
24303
43375
999
30192
85971
63556
44111
71176
67365
9023
50405
64235
83419
94670
28838
35145
38400
32610
29158
17559
65472
99196
77457
19339
86563
39411
30450
46548
45015
50564
56369
37459
57797
1494
22679
73849
61478
46952
59790
33023
81743
25210
24388
1564
27591
17493
11406
52775
43961
79576
65608
14089
19332
41568
25178
93181
33392
41426
27159
36679
48892
17640
42335
11055
52083
80343
98692
98457
32988
90681
82410
23522
30832
38235
80328
42904
615
30661
32939
84374
43851
68769
52057
5883
98446
74026
95346
28422
37016
78610
57331
22000
97816
55824
85461
89446
87963
11749
13042
78882
20827
38985
57799
81765
35375
97719
63797
15507
25056
2930
97826
48746
92763
1714
32541
82336
37186
80558
83678
34521
38558
95687
21291
95906
46031
66639
22647
83021
61155
24085
49732
33897
75525
72270
24810
58461
66413
56962
83792
71233
30710
24272
75383
53112
84812
90014
92951
71054
57700
1825
48192
82827
51366
94981
11554
88849
45029
18937
50056
92759
95183
77691
11103
10338
92159
95932
33813
35997
80112
57199
99133
60437
15340
66483
4527
30484
95555
58074
55339
56472
2263
33717
28894
56206
28212
16543
32861
59664
38141
64163
1102
98521
66209
44874
19783
13473
81709
58629
17486
21402
69147
93459
56639
68965
32488
85103
49708
70609
10627
4698
22974
26289
11808
42624
5114
60729
17869
3498
26655
28469
24188
14783
35916
97350
70943
50519
11487
81370
41266
41822
70167
66598
58034
7618
90203
53155
28044
82457
88307
42915
80944
3761
74580
20238
39619
37333
83290
66365
47220
63609
63853
85394
89862
72995
9286
68210
69996
71734
46027
85345
97620
74972
63158
59672
43962
30351
71636
72549
87549
95652
14697
82207
95342
96468
74736
59491
11204
73992
6048
75152
9101
3489
23819
40893
87263
86114
48192
6866
76205
85530
41872
29129
82389
23890
33997
78018
48854
50287
6062
98589
15902
12996
8464
64472
14369
86199
2647
58277
99207
35950
42674
71206
12156
24438
88796
22952
69483
52240
11582
54489
18404
71768
10673
4936
64186
72052
29922
30744
67882
46517
44495
57504
44149
13485
53902
63682
54222
45069
97068
67078
48271
28409
84530
96306
16294
39979
62916
59272
85805
87201
88676
41692
15575
66020
35475
46352
12326
5878
56119
93774
80154
68439
75544
51074
1380
87539
21765
15058
31832
88491
99476
50874
64001
15263
87270
90984
15694
5973
70184
10129
18602
90825
99638
97358
44682
84050
97946
76503
17567
29452
80050
17850
37611
77062
50672
91447
15600
27978
87835
92027
61988
12389
33522
93303
33633
3443
67057
44829
91065
5128
60684
37143
79846
76381
51128
21955
16991
96213
29161
81967
78983
81322
26102
63821
30560
82713
55865
32083
10525
36839
79154
22354
11829
80174
66379
90576
79986
4041
96406
63236
22025
27736
81299
51662
31077
46511
57742
7408
49980
40769
78597
49261
45987
80741
53350
94493
88029
29730
65911
96394
16878
37021
57072
3498
27503
5083
37186
4025
28890
57301
70395
90546
74404
74104
16289
88361
83114
66933
56700
56041
96772
17932
75857
47205
59191
59631
29320
75517
98151
59318
10511
67919
61385
63295
95255
71607
83606
53344
92
16869
42587
32491
36003
2458
11181
2268
65340
20094
99099
88514
33702
13376
22108
42952
74129
49835
50183
58590
35903
49186
16193
53993
59460
12792
37552
61923
10861
87982
37486
37040
89117
67850
33914
77183
93713
36592
78345
81050
4037
99840
79162
63338
60272
65419
99366
78057
51787
92627
69078
72133
18447
2815
27215
58286
85083
63735
88744
16797
72437
28226
8220
64288
10184
40026
31995
41414
80491
26921
48987
88388
65475
94850
64779
61985
95102
66142
41544
39780
32192
1969
91113
78104
19836
59080
8949
82938
9144
1762
52917
84191
64754
88872
56675
97348
5921
73610
75873
16659
6772
9048
40423
31374
73463
46009
24756
1148
74869
47692
2341
3373
78007
72409
81828
81740
90441
42706
20376
67104
27006
33995
74362
23230
26602
63987
12264
62383
31277
35854
76018
49690
74832
27473
75089
46158
9448
21274
93591
5165
91063
77161
58370
97080
34513
19038
92235
91059
32124
70992
55931
9589
85457
1895
22396
33071
80096
39256
62413
40118
50960
16859
5648
22191
227
17481
96222
1302
18455
59735
75130
26954
19817
94186
97954
44440
16629
44950
14465
79875
34456
87991
39874
88909
3190
85611
80831
85797
18488
21450
92504
55309
16877
44066
10880
5254
16497
19828
29200
48314
46859
58821
33183
88390
3152
13346
72809
49282
77637
98291
96331
9167
48769
2394
88177
86972
59409
22377
42503
82388
98069
3613
19340
61575
14568
10106
79621
12339
82942
86404
10254
75631
68230
88600
61898
12789
37934
9285
74555
90378
70661
62635
3789
56203
16059
72846
94221
68885
94277
21046
39992
55344
57757
98342
58734
96121
40583
86614
357
59819
41070
36944
31897
60713
26540
47332
77697
7659
28840
95560
21277
60675
59162
4240
7723
34731
34602
62373
98361
48140
61143
57957
68821
45325
26419
55832
39457
11574
83435
13034
45090
95168
6821
39401
72087
56412
81922
74941
25542
43324
34563
55390
38098
87266
3815
16151
51337
21027
66962
22006
30362
91575
5066
48812
10372
38912
90587
2855
63881
8532
922
26121
23937
79912
29703
57733
52683
44635
75659
46102
70302
47229
92481
17084
31454
21082
98417
39316
25514
42087
66583
61746
86642
11592
78659
7550
96326
80379
15321
95432
33226
98053
99128
64425
49414
7510
22296
56056
52697
24283
46796
52069
37037
57633
71176
79477
53605
80289
31228
13243
41140
31308
62013
85328
64039
47220
82341
77454
25666
46484
94641
63502
54089
64861
46153
9692
86836
77886
52892
23028
65318
13648
84329
43868
40151
31355
3290
16638
99212
28808
29931
18144
43976
99141
95305
75841
75549
12302
76501
98322
88603
27966
69575
67406
9577
91313
111
72440
83601
72309
77687
48848
77012
56269
81957
33425
4863
25377
77053
65290
39318
23014
81090
48503
75565
38533
32509
79739
28246
54539
18070
33276
43060
23117
10367
60827
7950
34901
88209
16335
99039
66669
19757
24349
90410
92199
77477
5110
64970
30598
24499
40557
3752
62733
84167
29075
76678
8866
79294
94545
61176
47071
34413
27873
98098
72661
82653
36618
1532
66525
87505
39318
47747
47004
85699
43665
85609
12593
45676
85216
36572
64991
86594
3612
51876
75826
45435
25834
85846
7504
52304
216
80006
70781
74461
30742
49881
88458
10501
26254
28408
91228
18387
11777
43488
98005
63643
27104
76215
65249
57630
21860
66201
86206
7756
39402
59056
74376
90116
84878
82338
3489
4695
79747
20836
14682
26091
46509
73645
58113
7068
49467
9925
19015
10812
40644
21980
89995
93530
82173
85559
61704
79041
39156
89509
45337
58231
51692
22287
26213
48998
17237
75150
22378
92952
1671
6999
36202
47227
32027
21041
27052
87652
33862
5575
81649
63119
3123
82489
91733
65925
33884
17645
96925
84022
1829
62467
92835
67622
4661
68966
67226
12324
58801
98078
46048
10453
38967
22434
19424
97776
43124
37002
38273
46594
17410
36259
48591
91857
26466
6428
98020
44030
27794
1118
92562
6052
55978
23256
27471
86269
28985
97399
94430
7235
61687
5525
12694
17043
51751
57929
60529
14222
41004
32924
35091
67514
57412
68700
9045
25126
84548
31241
66797
99786
84082
26060
18204
24492
27449
90184
13811
26975
41773
22344
97923
28006
26139
56152
99104
82519
39084
24880
85777
88826
118
64907
68726
84816
2207
950
65718
1393
9679
15748
50917
87630
58960
989
32430
19093
30949
41239
75427
14450
16516
35933
44670
87954
49393
48203
68530
9763
54553
92860
94803
73240
55560
13595
54431
5577
36647
23509
47527
13718
35669
7952
61406
30444
40769
41045
89277
43713
4066
64264
89329
49689
14067
22680
30114
75082
44013
24434
832
55453
58275
94704
21996
54027
55700
58383
32448
70119
24913
1662
66716
41211
58028
28210
72590
32490
84216
90838
15453
86260
33795
3232
7091
34904
47277
8127
83492
62099
44259
45073
24703
46759
79837
37168
88592
34360
19760
31212
59279
5679
43440
62356
11273
27777
7174
65550
73160
66154
99434
60262
63650
78675
9853
9731
60827
9619
24902
57781
42872
36529
98279
83211
10145
97511
39675
13697
40146
56802
33326
50262
22015
51462
60249
57019
65409
13518
73368
73000
32064
34738
93642
47785
9567
29601
35909
74197
28575
63662
45523
99007
12817
38023
60909
2693
34108
16575
26674
73702
72839
97678
67043
51473
32035
44078
71679
76088
14392
95174
61014
30787
53739
65668
333
23873
55849
3331
34893
95066
68178
65100
36135
71199
11908
11993
27016
7491
55427
3125
85141
73827
30690
84287
29476
98080
25425
72493
36470
55822
28388
26636
60084
86533
33691
88550
81189
22036
61491
90621
61290
11317
43272
63187
8055
795
19237
5036
45326
26409
61034
97643
10841
5852
75257
3834
65155
53384
59101
62533
30771
6017
97943
95685
65158
65200
56262
49306
44457
69861
81938
44018
74800
5643
68726
88006
41142
6455
92519
78564
9265
51034
23365
21703
18033
6582
73406
98722
33973
17069
48249
14556
87913
26229
46597
57140
11584
74280
39903
7270
72522
29560
47226
50342
4627
5600
13582
76073
19928
41653
68831
44100
42758
58075
61737
22540
21233
24244
10405
55452
17518
42995
64891
50548
40877
81263
13380
93182
91958
76851
57338
15533
31359
11218
19998
36862
58791
37144
41702
78177
10642
54875
89793
20560
95746
86832
82216
90045
16910
70650
86499
77995
59585
65822
59509
99923
63986
26802
28774
97383
71484
59859
70539
89906
5529
95542
91571
34750
89472
43446
58960
56688
10263
18028
21952
44014
87479
66461
3224
29504
81787
27981
71500
23956
82692
78289
98525
12987
70125
96194
25983
67666
3781
88526
60710
41019
33294
14856
6925
35977
3377
57983
14498
50651
54716
23405
36209
32127
6714
16614
61516
70264
54733
74032
12052
90618
55114
35569
37414
60274
56240
39268
14853
41219
27335
21382
18367
60427
65393
88877
44095
78564
30032
6423
26767
12102
93428
32512
35272
21225
45214
45038
52952
1225
17015
65863
44078
12834
50278
92034
76964
94139
71666
71355
5546
3743
60500
60479
12075
6342
74871
55207
8030
76210
49551
13730
10796
93813
61396
75211
20024
54256
53561
20442
35408
89431
58029
68950
8847
29040
91278
95912
73420
63514
65540
86923
62178
24297
29985
98719
4701
92432
57875
72860
58718
72504
96580
74660
83083
10156
32078
35313
20278
77847
95678
93262
53896
9125
37508
66754
74218
40871
36788
5671
13520
5394
60828
72728
6211
99079
63298
82216
44553
23404
99962
84016
22962
8697
89121
29472
418
80208
35097
21079
51862
53795
45793
73454
91349
37561
2383
48494
94100
10091
1165
42274
94374
42313
54606
50983
33439
35258
31019
71679
54979
55680
2559
48805
58671
83354
68123
84795
58083
27619
71110
52992
1611
97880
82229
56189
74313
77622
30947
89918
5793
12641
85133
14110
68225
21954
28589
83675
80746
78344
20336
86120
66143
33775
23990
74817
13481
89086
78310
23353
89284
64618
24204
36432
4106
51352
54448
20929
73498
98144
98963
34295
29061
15533
22408
65215
57461
44513
22413
79864
6457
63253
91109
92743
28913
68125
97012
99495
92499
77642
57878
42494
93144
32778
24284
88107
33735
77866
85284
63932
8283
1051
56724
78972
57811
59922
53266
39560
52758
68682
44195
78594
85856
25252
48734
31999
34446
10638
77260
36444
16610
18434
5919
83470
11091
40485
19564
27254
35669
58480
26310
69554
27840
37003
46296
31345
35263
17973
14047
90655
14168
3488
16802
32894
22195
67322
61167
88822
54248
98726
19155
89091
40842
83529
89525
3980
80874
93664
68239
89780
37577
48590
15690
13097
81757
84340
44182
3098
87135
37657
88195
56262
88047
27817
92222
71279
5573
38330
82059
29838
65813
33545
82716
13792
30590
9731
97803
23229
59087
43328
56602
37993
87670
98345
56452
87971
83623
25594
93215
6556
54661
79587
89585
58306
28816
97672
99756
94938
52715
329
81576
37707
98728
77659
33243
99351
79667
89013
48151
97669
19448
18823
3648
78809
71601
65797
79016
48070
29520
69057
80010
22010
89414
7190
89151
71671
51022
81121
49728
15937
63800
6666
65080
80627
68245
99489
90149
77740
88092
52387
10508
67368
35928
48987
22934
93897
35566
15557
44266
23508
93134
37102
48808
52696
9589
19863
75679
1832
53532
62744
50892
98410
23714
69218
70577
93416
78385
59197
66765
87716
63471
45648
65629
14825
76227
70878
56463
60060
77569
71821
43454
625
43060
81315
30063
67098
54567
6761
58023
60314
24977
59409
34311
77240
89530
71028
17541
75535
61550
37588
12136
450
16701
85984
28511
63597
10925
4406
415
16151
8413
75138
56888
9955
4022
97093
68946
25125
68240
23441
70665
36402
86718
91088
41858
26896
6071
66181
50857
53516
38626
22794
90953
49003
79389
24920
27847
38424
69450
85606
99131
71164
78967
11784
94987
45740
38408
83288
86822
80924
76835
60210
2458
50321
2616
93818
53907
24117
38507
76024
38033
11267
66528
94691
68
36161
35713
92124
46855
63278
60782
31217
49174
89681
99170
28642
61645
26129
6302
84960
93598
47555
15637
47793
77774
31614
6196
4049
97998
62635
33035
72626
94225
79127
37051
94148
6798
13418
88574
96495
87444
24690
39086
43677
24484
4025
50355
20693
16304
50326
62189
12002
82095
74783
99258
38354
95417
33692
96484
5274
63973
59862
49322
91287
76893
63758
99658
93775
89210
5610
9384
40822
95746
54762
68669
16588
7834
20121
60382
4004
45770
96415
81096
93696
5996
72371
75397
72888
38191
71694
36798
25913
81870
50202
15357
81226
40969
67594
99070
37161
67389
19267
22130
61012
78277
42968
35759
46020
94316
13587
55735
63220
14605
3567
35874
23615
74409
59075
51083
93159
20100
61945
67477
66770
59101
21276
23256
85327
14600
63600
22348
26775
49258
2299
52848
9710
30416
55073
90424
74984
52077
92493
21713
31720
8910
23851
5809
75044
30011
46452
57120
3524
89740
4832
58045
14346
94853
287
98415
7115
2704
97955
77129
67771
38454
34549
47960
51911
2681
13544
68012
78332
4145
44683
61601
80869
25985
7479
69065
6737
7317
26344
50423
95539
71323
30921
40618
32771
21082
68840
40437
6786
92851
93321
77447
38459
3923
51446
41660
86724
13907
50483
44511
13540
36684
53647
27450
92878
57370
46967
10108
55564
96556
29669
36325
57047
76356
45206
97201
8898
37073
62490
55647
86359
56263
30980
29916
87737
95224
69600
57585
61000
71409
22052
84006
11907
6323
33567
785
57224
52365
32719
94623
68535
51187
5231
97950
58517
91325
67309
11876
92364
86941
78617
28672
67407
51134
53689
43835
26490
72374
90777
10474
14776
50633
79072
38291
35647
12282
63710
12218
52567
54797
34818
73863
39960
50078
35240
92725
74800
63064
47791
11481
54211
83539
54569
34669
78029
88365
43627
23416
56643
59396
76996
42108
14808
13
1003
56828
59035
276
11185
9096
86814
73104
32725
25671
55281
5218
70870
74207
67789
80266
55267
71171
42380
87878
5070
56026
63221
15976
21056
67592
50775
83475
71302
55355
70859
74514
98664
30612
48155
43797
34810
63952
673
7305
83756
41299
3560
56786
22748
31984
53551
3623
33964
22934
39404
85899
9773
59834
88141
31331
54554
86525
32921
86873
87778
69915
7381
39660
84125
44495
99299
62834
44639
30982
51365
74699
75947
97951
82175
81059
71487
5947
97659
90211
83021
49126
31429
40884
